                                kicad schematic
                                Transient Analysis  Wed Oct 22 17:17:05  2025
--------------------------------------------------------------------------------
Index   time            v1#branch       v2#branch       
--------------------------------------------------------------------------------
0	0.000000e+00	-2.47672e-11	0.000000e+00	
1	1.000000e-12	-2.47672e-11	8.673617e-19	
2	2.000000e-12	-2.47672e-11	2.168404e-19	
3	4.000000e-12	-2.47672e-11	8.673617e-19	
4	8.000000e-12	-2.47672e-11	-5.96311e-19	
5	1.600000e-11	-2.47672e-11	9.486769e-19	
6	3.200000e-11	-2.47672e-11	-9.48677e-19	
7	6.400000e-11	-2.47672e-11	1.036768e-18	
8	1.000000e-10	-2.47672e-11	-1.14519e-18	
9	1.064000e-10	1.756835e-05	-2.88093e-05	
10	1.192000e-10	1.786510e-05	-3.78285e-05	
11	1.448000e-10	-3.23720e-05	-5.66733e-05	
12	1.960000e-10	3.024605e-06	-4.36462e-05	
13	2.000000e-10	6.215996e-06	-3.64198e-05	
14	2.067616e-10	-4.21287e-07	-1.81555e-06	
15	2.202848e-10	2.480824e-07	1.079578e-06	
16	2.440435e-10	-1.84397e-07	-8.08602e-07	
17	2.915611e-10	1.590860e-07	7.009781e-07	
18	3.865962e-10	-1.47796e-07	-6.52853e-07	
19	5.766663e-10	1.424396e-07	6.301971e-07	
20	9.568067e-10	-1.39847e-07	-6.19096e-07	
21	1.717087e-09	1.385577e-07	6.136599e-07	
22	3.237649e-09	-1.37928e-07	-6.10942e-07	
23	6.278772e-09	1.376039e-07	6.095970e-07	
24	1.236102e-08	-1.37452e-07	-6.08921e-07	
25	2.452551e-08	1.373665e-07	6.085856e-07	
26	4.885449e-08	-1.37333e-07	-6.08417e-07	
27	9.751245e-08	1.373072e-07	6.083331e-07	
28	1.948284e-07	-1.37304e-07	-6.08291e-07	
29	3.894602e-07	1.372924e-07	6.082699e-07	
30	7.787240e-07	-1.37296e-07	-6.08259e-07	
31	1.557251e-06	1.372887e-07	6.082542e-07	
32	3.114306e-06	-1.37294e-07	-6.08252e-07	
33	6.228416e-06	1.372877e-07	6.082502e-07	
34	1.245664e-05	-1.37294e-07	-6.08250e-07	
35	2.491307e-05	1.372875e-07	6.082492e-07	
36	4.982595e-05	-1.37294e-07	-6.08249e-07	
37	9.965171e-05	1.372874e-07	6.082490e-07	
38	1.993032e-04	-1.37294e-07	-6.08249e-07	
39	2.993032e-04	1.372874e-07	6.082489e-07	
40	3.993032e-04	-1.37294e-07	-6.08249e-07	
41	4.993032e-04	1.372874e-07	6.082488e-07	
42	5.993032e-04	-1.37294e-07	-6.08249e-07	
43	6.993032e-04	1.372874e-07	6.082487e-07	
44	7.993032e-04	-1.37294e-07	-6.08249e-07	
45	8.993032e-04	1.372874e-07	6.082487e-07	
46	9.993032e-04	-1.37294e-07	-6.08249e-07	
47	1.099303e-03	1.372873e-07	6.082486e-07	
48	1.199303e-03	-1.37294e-07	-6.08249e-07	
49	1.299303e-03	1.372873e-07	6.082485e-07	
50	1.399303e-03	-1.37294e-07	-6.08248e-07	
51	1.499303e-03	1.372873e-07	6.082484e-07	
52	1.599303e-03	-1.37294e-07	-6.08248e-07	
53	1.699303e-03	1.372873e-07	6.082483e-07	
54	1.799303e-03	-1.37294e-07	-6.08248e-07	

Index   time            v1#branch       v2#branch       
--------------------------------------------------------------------------------
55	1.899303e-03	1.372873e-07	6.082482e-07	
56	1.999303e-03	-1.37293e-07	-6.08248e-07	
57	2.099303e-03	1.372872e-07	6.082482e-07	
58	2.199303e-03	-1.37293e-07	-6.08248e-07	
59	2.299303e-03	1.372872e-07	6.082481e-07	
60	2.399303e-03	-1.37293e-07	-6.08248e-07	
61	2.499303e-03	1.372872e-07	6.082480e-07	
62	2.599303e-03	-1.37293e-07	-6.08248e-07	
63	2.699303e-03	1.372872e-07	6.082479e-07	
64	2.799303e-03	-1.37293e-07	-6.08248e-07	
65	2.899303e-03	1.372872e-07	6.082478e-07	
66	2.999303e-03	-1.37293e-07	-6.08248e-07	
67	3.099303e-03	1.372871e-07	6.082478e-07	
68	3.199303e-03	-1.37293e-07	-6.08248e-07	
69	3.299303e-03	1.372871e-07	6.082477e-07	
70	3.399303e-03	-1.37293e-07	-6.08248e-07	
71	3.499303e-03	1.372871e-07	6.082476e-07	
72	3.599303e-03	-1.37293e-07	-6.08248e-07	
73	3.699303e-03	1.372871e-07	6.082475e-07	
74	3.799303e-03	-1.37293e-07	-6.08247e-07	
75	3.899303e-03	1.372871e-07	6.082474e-07	
76	3.999303e-03	-1.37293e-07	-6.08247e-07	
77	4.099303e-03	1.372871e-07	6.082473e-07	
78	4.199303e-03	-1.37293e-07	-6.08247e-07	
79	4.299303e-03	1.372870e-07	6.082473e-07	
80	4.399303e-03	-1.37293e-07	-6.08247e-07	
81	4.499303e-03	1.372870e-07	6.082472e-07	
82	4.599303e-03	-1.37293e-07	-6.08247e-07	
83	4.699303e-03	1.372870e-07	6.082471e-07	
84	4.799303e-03	-1.37293e-07	-6.08247e-07	
85	4.899303e-03	1.372870e-07	6.082470e-07	
86	4.999303e-03	-1.37293e-07	-6.08247e-07	
87	5.099303e-03	1.372870e-07	6.082469e-07	
88	5.199303e-03	-1.37293e-07	-6.08247e-07	
89	5.299303e-03	1.372869e-07	6.082469e-07	
90	5.399303e-03	-1.37293e-07	-6.08247e-07	
91	5.499303e-03	1.372869e-07	6.082468e-07	
92	5.599303e-03	-1.37293e-07	-6.08247e-07	
93	5.699303e-03	1.372869e-07	6.082467e-07	
94	5.799303e-03	-1.37293e-07	-6.08247e-07	
95	5.899303e-03	1.372869e-07	6.082466e-07	
96	5.999303e-03	-1.37293e-07	-6.08247e-07	
97	6.099303e-03	1.372869e-07	6.082465e-07	
98	6.199303e-03	-1.37293e-07	-6.08246e-07	
99	6.299303e-03	1.372868e-07	6.082464e-07	
100	6.399303e-03	-1.37293e-07	-6.08246e-07	
101	6.499303e-03	1.372868e-07	6.082464e-07	
102	6.599303e-03	-1.37293e-07	-6.08246e-07	
103	6.699303e-03	1.372868e-07	6.082463e-07	
104	6.799303e-03	-1.37293e-07	-6.08246e-07	
105	6.899303e-03	1.372868e-07	6.082462e-07	
106	6.999303e-03	-1.37293e-07	-6.08246e-07	
107	7.099303e-03	1.372868e-07	6.082461e-07	
108	7.199303e-03	-1.37293e-07	-6.08246e-07	
109	7.299303e-03	1.372867e-07	6.082460e-07	
110	7.399303e-03	-1.37293e-07	-6.08246e-07	
111	7.499303e-03	1.372867e-07	6.082460e-07	
112	7.599303e-03	-1.37293e-07	-6.08246e-07	

Index   time            v1#branch       v2#branch       
--------------------------------------------------------------------------------
113	7.699303e-03	1.372867e-07	6.082459e-07	
114	7.799303e-03	-1.37293e-07	-6.08246e-07	
115	7.899303e-03	1.372867e-07	6.082458e-07	
116	7.999303e-03	-1.37293e-07	-6.08246e-07	
117	8.099303e-03	1.372867e-07	6.082457e-07	
118	8.199303e-03	-1.37293e-07	-6.08246e-07	
119	8.299303e-03	1.372866e-07	6.082456e-07	
120	8.399303e-03	-1.37293e-07	-6.08246e-07	
121	8.499303e-03	1.372866e-07	6.082455e-07	
122	8.599303e-03	-1.37293e-07	-6.08246e-07	
123	8.699303e-03	1.372866e-07	6.082455e-07	
124	8.799303e-03	-1.37293e-07	-6.08245e-07	
125	8.899303e-03	1.372866e-07	6.082454e-07	
126	8.999303e-03	-1.37293e-07	-6.08245e-07	
127	9.099303e-03	1.372866e-07	6.082453e-07	
128	9.199303e-03	-1.37293e-07	-6.08245e-07	
129	9.299303e-03	1.372866e-07	6.082452e-07	
130	9.399303e-03	-1.37293e-07	-6.08245e-07	
131	9.499303e-03	1.372865e-07	6.082451e-07	
132	9.599303e-03	-1.37293e-07	-6.08245e-07	
133	9.699303e-03	1.372865e-07	6.082451e-07	
134	9.799303e-03	-1.37293e-07	-6.08245e-07	
135	9.899303e-03	1.372865e-07	6.082450e-07	
136	9.999303e-03	-1.37293e-07	-6.08245e-07	
137	1.000000e-02	1.372851e-07	6.082391e-07	
138	1.000000e-02	-6.41440e-06	3.276739e-05	
139	1.000000e-02	-2.04200e-05	4.496308e-05	
140	1.000000e-02	-6.99319e-05	5.150607e-05	
141	1.000000e-02	-3.89041e-05	4.393884e-05	
142	1.000000e-02	-1.00114e-05	7.901159e-06	
143	1.000000e-02	2.797528e-06	-2.14680e-06	
144	1.000000e-02	-1.56613e-06	1.160350e-06	
145	1.000000e-02	1.178037e-06	-8.50075e-07	
146	1.000000e-02	-1.01940e-06	7.225207e-07	
147	1.000000e-02	9.502021e-07	-6.67371e-07	
148	1.000000e-02	-9.16695e-07	6.404334e-07	
149	1.000000e-02	9.006347e-07	-6.27656e-07	
150	1.000000e-02	-8.92630e-07	6.211918e-07	
151	1.000001e-02	8.886540e-07	-6.18058e-07	
152	1.000002e-02	-8.86710e-07	6.164580e-07	
153	1.000003e-02	8.856838e-07	-6.15678e-07	
154	1.000007e-02	-8.85236e-07	6.152793e-07	
155	1.000013e-02	8.849428e-07	-6.15085e-07	
156	1.000026e-02	-8.84868e-07	6.149849e-07	
157	1.000052e-02	8.847576e-07	-6.14936e-07	
158	1.000105e-02	-8.84776e-07	6.149113e-07	
159	1.000210e-02	8.847114e-07	-6.14899e-07	
160	1.000419e-02	-8.84753e-07	6.148929e-07	
161	1.000839e-02	8.846998e-07	-6.14890e-07	
162	1.001678e-02	-8.84747e-07	6.148883e-07	
163	1.003355e-02	8.846969e-07	-6.14888e-07	
164	1.006711e-02	-8.84746e-07	6.148872e-07	
165	1.013422e-02	8.846962e-07	-6.14887e-07	
166	1.023422e-02	-8.84746e-07	6.148869e-07	
167	1.033422e-02	8.846959e-07	-6.14887e-07	
168	1.043422e-02	-8.84745e-07	6.148866e-07	
169	1.053422e-02	8.846955e-07	-6.14886e-07	
170	1.063422e-02	-8.84745e-07	6.148863e-07	

Index   time            v1#branch       v2#branch       
--------------------------------------------------------------------------------
171	1.073422e-02	8.846952e-07	-6.14886e-07	
172	1.083422e-02	-8.84745e-07	6.148861e-07	
173	1.093422e-02	8.846949e-07	-6.14886e-07	
174	1.103422e-02	-8.84744e-07	6.148858e-07	
175	1.113422e-02	8.846946e-07	-6.14886e-07	
176	1.123422e-02	-8.84744e-07	6.148856e-07	
177	1.133422e-02	8.846942e-07	-6.14885e-07	
178	1.143422e-02	-8.84744e-07	6.148853e-07	
179	1.153422e-02	8.846939e-07	-6.14885e-07	
180	1.163422e-02	-8.84743e-07	6.148850e-07	
181	1.173422e-02	8.846936e-07	-6.14885e-07	
182	1.183422e-02	-8.84743e-07	6.148848e-07	
183	1.193422e-02	8.846933e-07	-6.14885e-07	
184	1.203422e-02	-8.84743e-07	6.148845e-07	
185	1.213422e-02	8.846930e-07	-6.14884e-07	
186	1.223422e-02	-8.84742e-07	6.148843e-07	
187	1.233422e-02	8.846926e-07	-6.14884e-07	
188	1.243422e-02	-8.84742e-07	6.148840e-07	
189	1.253422e-02	8.846923e-07	-6.14884e-07	
190	1.263422e-02	-8.84742e-07	6.148838e-07	
191	1.273422e-02	8.846920e-07	-6.14884e-07	
192	1.283422e-02	-8.84741e-07	6.148835e-07	
193	1.293422e-02	8.846917e-07	-6.14883e-07	
194	1.303422e-02	-8.84741e-07	6.148832e-07	
195	1.313422e-02	8.846913e-07	-6.14883e-07	
196	1.323422e-02	-8.84741e-07	6.148830e-07	
197	1.333422e-02	8.846910e-07	-6.14883e-07	
198	1.343422e-02	-8.84740e-07	6.148827e-07	
199	1.353422e-02	8.846907e-07	-6.14883e-07	
200	1.363422e-02	-8.84740e-07	6.148825e-07	
201	1.373422e-02	8.846904e-07	-6.14882e-07	
202	1.383422e-02	-8.84740e-07	6.148822e-07	
203	1.393422e-02	8.846901e-07	-6.14882e-07	
204	1.403422e-02	-8.84739e-07	6.148820e-07	
205	1.413422e-02	8.846897e-07	-6.14882e-07	
206	1.423422e-02	-8.84739e-07	6.148817e-07	
207	1.433422e-02	8.846894e-07	-6.14882e-07	
208	1.443422e-02	-8.84739e-07	6.148814e-07	
209	1.453422e-02	8.846891e-07	-6.14881e-07	
210	1.463422e-02	-8.84738e-07	6.148812e-07	
211	1.473422e-02	8.846888e-07	-6.14881e-07	
212	1.483422e-02	-8.84738e-07	6.148809e-07	
213	1.493422e-02	8.846884e-07	-6.14881e-07	
214	1.503422e-02	-8.84738e-07	6.148807e-07	
215	1.513422e-02	8.846881e-07	-6.14881e-07	
216	1.523422e-02	-8.84737e-07	6.148804e-07	
217	1.533422e-02	8.846878e-07	-6.14880e-07	
218	1.543422e-02	-8.84737e-07	6.148801e-07	
219	1.553422e-02	8.846875e-07	-6.14880e-07	
220	1.563422e-02	-8.84737e-07	6.148799e-07	
221	1.573422e-02	8.846871e-07	-6.14880e-07	
222	1.583422e-02	-8.84737e-07	6.148796e-07	
223	1.593422e-02	8.846868e-07	-6.14879e-07	
224	1.603422e-02	-8.84736e-07	6.148794e-07	
225	1.613422e-02	8.846865e-07	-6.14879e-07	
226	1.623422e-02	-8.84736e-07	6.148791e-07	
227	1.633422e-02	8.846862e-07	-6.14879e-07	
228	1.643422e-02	-8.84736e-07	6.148789e-07	

Index   time            v1#branch       v2#branch       
--------------------------------------------------------------------------------
229	1.653422e-02	8.846859e-07	-6.14879e-07	
230	1.663422e-02	-8.84735e-07	6.148786e-07	
231	1.673422e-02	8.846855e-07	-6.14878e-07	
232	1.683422e-02	-8.84735e-07	6.148783e-07	
233	1.693422e-02	8.846852e-07	-6.14878e-07	
234	1.703422e-02	-8.84735e-07	6.148781e-07	
235	1.713422e-02	8.846849e-07	-6.14878e-07	
236	1.723422e-02	-8.84734e-07	6.148778e-07	
237	1.733422e-02	8.846846e-07	-6.14878e-07	
238	1.743422e-02	-8.84734e-07	6.148776e-07	
239	1.753422e-02	8.846842e-07	-6.14877e-07	
240	1.763422e-02	-8.84734e-07	6.148773e-07	
241	1.773422e-02	8.846839e-07	-6.14877e-07	
242	1.783422e-02	-8.84733e-07	6.148770e-07	
243	1.793422e-02	8.846836e-07	-6.14877e-07	
244	1.803422e-02	-8.84733e-07	6.148768e-07	
245	1.813422e-02	8.846833e-07	-6.14877e-07	
246	1.823422e-02	-8.84733e-07	6.148765e-07	
247	1.833422e-02	8.846830e-07	-6.14876e-07	
248	1.843422e-02	-8.84732e-07	6.148763e-07	
249	1.853422e-02	8.846826e-07	-6.14876e-07	
250	1.863422e-02	-8.84732e-07	6.148760e-07	
251	1.873422e-02	8.846823e-07	-6.14876e-07	
252	1.883422e-02	-8.84732e-07	6.148758e-07	
253	1.893422e-02	8.846820e-07	-6.14876e-07	
254	1.903422e-02	-8.84731e-07	6.148755e-07	
255	1.913422e-02	8.846817e-07	-6.14875e-07	
256	1.923422e-02	-8.84731e-07	6.148752e-07	
257	1.933422e-02	8.846813e-07	-6.14875e-07	
258	1.943422e-02	-8.84731e-07	6.148750e-07	
259	1.953422e-02	8.846810e-07	-6.14875e-07	
260	1.963422e-02	-8.84730e-07	6.148747e-07	
261	1.973422e-02	8.846807e-07	-6.14875e-07	
262	1.983422e-02	-8.84730e-07	6.148745e-07	
263	1.993422e-02	8.846804e-07	-6.14874e-07	
264	2.000000e-02	-8.84730e-07	6.148741e-07	
265	2.001000e-02	4.542783e-11	-4.56089e-10	
266	2.003000e-02	-5.16661e-11	4.560890e-10	
267	2.005838e-02	4.542786e-11	-4.56089e-10	
268	2.008456e-02	-5.16662e-11	4.560889e-10	
269	2.013691e-02	4.542788e-11	-4.56089e-10	
270	2.023691e-02	-5.16662e-11	4.560889e-10	
271	2.033691e-02	4.542788e-11	-4.56089e-10	
272	2.043691e-02	-5.16662e-11	4.560889e-10	
273	2.053691e-02	4.542789e-11	-4.56089e-10	
274	2.063691e-02	-5.16662e-11	4.560888e-10	
275	2.073691e-02	4.542790e-11	-4.56089e-10	
276	2.083691e-02	-5.16662e-11	4.560888e-10	
277	2.093691e-02	4.542790e-11	-4.56089e-10	
278	2.103691e-02	-5.16662e-11	4.560887e-10	
279	2.113691e-02	4.542791e-11	-4.56089e-10	
280	2.123691e-02	-5.16662e-11	4.560887e-10	
281	2.133691e-02	4.542792e-11	-4.56089e-10	
282	2.143691e-02	-5.16662e-11	4.560887e-10	
283	2.153691e-02	4.542793e-11	-4.56089e-10	
284	2.163691e-02	-5.16662e-11	4.560887e-10	
285	2.173691e-02	4.542793e-11	-4.56089e-10	
286	2.183691e-02	-5.16662e-11	4.560886e-10	

Index   time            v1#branch       v2#branch       
--------------------------------------------------------------------------------
287	2.193691e-02	4.542794e-11	-4.56089e-10	
288	2.203691e-02	-5.16662e-11	4.560886e-10	
289	2.213691e-02	4.542795e-11	-4.56089e-10	
290	2.223691e-02	-5.16662e-11	4.560886e-10	
291	2.233691e-02	4.542795e-11	-4.56088e-10	
292	2.243691e-02	-5.16662e-11	4.560885e-10	
293	2.253691e-02	4.542796e-11	-4.56088e-10	
294	2.263691e-02	-5.16662e-11	4.560885e-10	
295	2.273691e-02	4.542797e-11	-4.56088e-10	
296	2.283691e-02	-5.16663e-11	4.560885e-10	
297	2.293691e-02	4.542797e-11	-4.56088e-10	
298	2.303691e-02	-5.16663e-11	4.560884e-10	
299	2.313691e-02	4.542798e-11	-4.56088e-10	
300	2.323691e-02	-5.16663e-11	4.560884e-10	
301	2.333691e-02	4.542799e-11	-4.56088e-10	
302	2.343691e-02	-5.16663e-11	4.560884e-10	
303	2.353691e-02	4.542800e-11	-4.56088e-10	
304	2.363691e-02	-5.16663e-11	4.560884e-10	
305	2.373691e-02	4.542800e-11	-4.56088e-10	
306	2.383691e-02	-5.16663e-11	4.560883e-10	
307	2.393691e-02	4.542801e-11	-4.56088e-10	
308	2.403691e-02	-5.16663e-11	4.560883e-10	
309	2.413691e-02	4.542802e-11	-4.56088e-10	
310	2.423691e-02	-5.16663e-11	4.560883e-10	
311	2.433691e-02	4.542802e-11	-4.56088e-10	
312	2.443691e-02	-5.16663e-11	4.560882e-10	
313	2.453691e-02	4.542803e-11	-4.56088e-10	
314	2.463691e-02	-5.16663e-11	4.560882e-10	
315	2.473691e-02	4.542804e-11	-4.56088e-10	
316	2.483691e-02	-5.16663e-11	4.560882e-10	
317	2.493691e-02	4.542804e-11	-4.56088e-10	
318	2.503691e-02	-5.16663e-11	4.560881e-10	
319	2.513691e-02	4.542805e-11	-4.56088e-10	
320	2.523691e-02	-5.16663e-11	4.560881e-10	
321	2.533691e-02	4.542806e-11	-4.56088e-10	
322	2.543691e-02	-5.16663e-11	4.560881e-10	
323	2.553691e-02	4.542807e-11	-4.56088e-10	
324	2.563691e-02	-5.16664e-11	4.560881e-10	
325	2.573691e-02	4.542807e-11	-4.56088e-10	
326	2.583691e-02	-5.16664e-11	4.560880e-10	
327	2.593691e-02	4.542808e-11	-4.56088e-10	
328	2.603691e-02	-5.16664e-11	4.560880e-10	
329	2.613691e-02	4.542809e-11	-4.56088e-10	
330	2.623691e-02	-5.16664e-11	4.560880e-10	
331	2.633691e-02	4.542809e-11	-4.56088e-10	
332	2.643691e-02	-5.16664e-11	4.560879e-10	
333	2.653691e-02	4.542810e-11	-4.56088e-10	
334	2.663691e-02	-5.16664e-11	4.560879e-10	
335	2.673691e-02	4.542811e-11	-4.56088e-10	
336	2.683691e-02	-5.16664e-11	4.560879e-10	
337	2.693691e-02	4.542811e-11	-4.56088e-10	
338	2.703691e-02	-5.16664e-11	4.560878e-10	
339	2.713691e-02	4.542812e-11	-4.56088e-10	
340	2.723691e-02	-5.16664e-11	4.560878e-10	
341	2.733691e-02	4.542813e-11	-4.56088e-10	
342	2.743691e-02	-5.16664e-11	4.560878e-10	
343	2.753691e-02	4.542814e-11	-4.56088e-10	
344	2.763691e-02	-5.16664e-11	4.560878e-10	

Index   time            v1#branch       v2#branch       
--------------------------------------------------------------------------------
345	2.773691e-02	4.542814e-11	-4.56088e-10	
346	2.783691e-02	-5.16664e-11	4.560877e-10	
347	2.793691e-02	4.542815e-11	-4.56088e-10	
348	2.803691e-02	-5.16664e-11	4.560877e-10	
349	2.813691e-02	4.542816e-11	-4.56088e-10	
350	2.823691e-02	-5.16664e-11	4.560877e-10	
351	2.833691e-02	4.542816e-11	-4.56088e-10	
352	2.843691e-02	-5.16664e-11	4.560876e-10	
353	2.853691e-02	4.542817e-11	-4.56088e-10	
354	2.863691e-02	-5.16665e-11	4.560876e-10	
355	2.873691e-02	4.542818e-11	-4.56088e-10	
356	2.883691e-02	-5.16665e-11	4.560876e-10	
357	2.893691e-02	4.542818e-11	-4.56088e-10	
358	2.903691e-02	-5.16665e-11	4.560876e-10	
359	2.913691e-02	4.542819e-11	-4.56087e-10	
360	2.923691e-02	-5.16665e-11	4.560875e-10	
361	2.933691e-02	4.542820e-11	-4.56087e-10	
362	2.943691e-02	-5.16665e-11	4.560875e-10	
363	2.953691e-02	4.542820e-11	-4.56087e-10	
364	2.963691e-02	-5.16665e-11	4.560874e-10	
365	2.973691e-02	4.542821e-11	-4.56087e-10	
366	2.983691e-02	-5.16665e-11	4.560874e-10	
367	2.993691e-02	4.542822e-11	-4.56087e-10	
368	3.000000e-02	-5.16665e-11	4.560874e-10	
369	3.000000e-02	-6.43469e-06	3.268109e-05	
370	3.000000e-02	-2.04069e-05	4.502087e-05	
371	3.000000e-02	-6.99173e-05	5.147699e-05	
372	3.000000e-02	-3.88910e-05	4.394392e-05	
373	3.000000e-02	-1.00022e-05	7.894033e-06	
374	3.000000e-02	2.794969e-06	-2.14494e-06	
375	3.000000e-02	-1.56468e-06	1.159379e-06	
376	3.000000e-02	1.176939e-06	-8.49383e-07	
377	3.000000e-02	-1.01845e-06	7.219462e-07	
378	3.000000e-02	9.493115e-07	-6.66845e-07	
379	3.000000e-02	-9.15835e-07	6.399323e-07	
380	3.000000e-02	8.997889e-07	-6.27166e-07	
381	3.000000e-02	-8.91792e-07	6.207080e-07	
382	3.000001e-02	8.878190e-07	-6.17577e-07	
383	3.000002e-02	-8.85877e-07	6.159784e-07	
384	3.000003e-02	8.848515e-07	-6.15199e-07	
385	3.000007e-02	-8.84404e-07	6.148008e-07	
386	3.000013e-02	8.841112e-07	-6.14606e-07	
387	3.000026e-02	-8.84037e-07	6.145067e-07	
388	3.000052e-02	8.839262e-07	-6.14458e-07	
389	3.000105e-02	-8.83945e-07	6.144332e-07	
390	3.000210e-02	8.838800e-07	-6.14421e-07	
391	3.000419e-02	-8.83922e-07	6.144148e-07	
392	3.000839e-02	8.838684e-07	-6.14412e-07	
393	3.001678e-02	-8.83916e-07	6.144102e-07	
394	3.003355e-02	8.838655e-07	-6.14409e-07	
395	3.006711e-02	-8.83915e-07	6.144090e-07	
396	3.013422e-02	8.838648e-07	-6.14409e-07	
397	3.023422e-02	-8.83914e-07	6.144087e-07	
398	3.033422e-02	8.838645e-07	-6.14409e-07	
399	3.043422e-02	-8.83914e-07	6.144085e-07	
400	3.053422e-02	8.838642e-07	-6.14408e-07	
401	3.063422e-02	-8.83914e-07	6.144082e-07	
402	3.073422e-02	8.838638e-07	-6.14408e-07	

Index   time            v1#branch       v2#branch       
--------------------------------------------------------------------------------
403	3.083422e-02	-8.83913e-07	6.144079e-07	
404	3.093422e-02	8.838635e-07	-6.14408e-07	
405	3.103422e-02	-8.83913e-07	6.144077e-07	
406	3.113422e-02	8.838632e-07	-6.14408e-07	
407	3.123422e-02	-8.83913e-07	6.144074e-07	
408	3.133422e-02	8.838629e-07	-6.14407e-07	
409	3.143422e-02	-8.83912e-07	6.144072e-07	
410	3.153422e-02	8.838625e-07	-6.14407e-07	
411	3.163422e-02	-8.83912e-07	6.144069e-07	
412	3.173422e-02	8.838622e-07	-6.14407e-07	
413	3.183422e-02	-8.83912e-07	6.144067e-07	
414	3.193422e-02	8.838619e-07	-6.14407e-07	
415	3.203422e-02	-8.83911e-07	6.144064e-07	
416	3.213422e-02	8.838616e-07	-6.14406e-07	
417	3.223422e-02	-8.83911e-07	6.144061e-07	
418	3.233422e-02	8.838613e-07	-6.14406e-07	
419	3.243422e-02	-8.83911e-07	6.144059e-07	
420	3.253422e-02	8.838609e-07	-6.14406e-07	
421	3.263422e-02	-8.83910e-07	6.144056e-07	
422	3.273422e-02	8.838606e-07	-6.14405e-07	
423	3.283422e-02	-8.83910e-07	6.144054e-07	
424	3.293422e-02	8.838603e-07	-6.14405e-07	
425	3.303422e-02	-8.83910e-07	6.144051e-07	
426	3.313422e-02	8.838600e-07	-6.14405e-07	
427	3.323422e-02	-8.83909e-07	6.144048e-07	
428	3.333422e-02	8.838596e-07	-6.14405e-07	
429	3.343422e-02	-8.83909e-07	6.144046e-07	
430	3.353422e-02	8.838593e-07	-6.14404e-07	
431	3.363422e-02	-8.83909e-07	6.144043e-07	
432	3.373422e-02	8.838590e-07	-6.14404e-07	
433	3.383422e-02	-8.83908e-07	6.144041e-07	
434	3.393422e-02	8.838587e-07	-6.14404e-07	
435	3.403422e-02	-8.83908e-07	6.144038e-07	
436	3.413422e-02	8.838584e-07	-6.14404e-07	
437	3.423422e-02	-8.83908e-07	6.144036e-07	
438	3.433422e-02	8.838580e-07	-6.14403e-07	
439	3.443422e-02	-8.83907e-07	6.144033e-07	
440	3.453422e-02	8.838577e-07	-6.14403e-07	
441	3.463422e-02	-8.83907e-07	6.144030e-07	
442	3.473422e-02	8.838574e-07	-6.14403e-07	
443	3.483422e-02	-8.83907e-07	6.144028e-07	
444	3.493422e-02	8.838571e-07	-6.14403e-07	
445	3.503422e-02	-8.83906e-07	6.144025e-07	
446	3.513422e-02	8.838567e-07	-6.14402e-07	
447	3.523422e-02	-8.83906e-07	6.144023e-07	
448	3.533422e-02	8.838564e-07	-6.14402e-07	
449	3.543422e-02	-8.83906e-07	6.144020e-07	
450	3.553422e-02	8.838561e-07	-6.14402e-07	
451	3.563422e-02	-8.83905e-07	6.144017e-07	
452	3.573422e-02	8.838558e-07	-6.14402e-07	
453	3.583422e-02	-8.83905e-07	6.144015e-07	
454	3.593422e-02	8.838555e-07	-6.14401e-07	
455	3.603422e-02	-8.83905e-07	6.144012e-07	
456	3.613422e-02	8.838551e-07	-6.14401e-07	
457	3.623422e-02	-8.83904e-07	6.144010e-07	
458	3.633422e-02	8.838548e-07	-6.14401e-07	
459	3.643422e-02	-8.83904e-07	6.144007e-07	
460	3.653422e-02	8.838545e-07	-6.14401e-07	

Index   time            v1#branch       v2#branch       
--------------------------------------------------------------------------------
461	3.663422e-02	-8.83904e-07	6.144005e-07	
462	3.673422e-02	8.838542e-07	-6.14400e-07	
463	3.683422e-02	-8.83904e-07	6.144002e-07	
464	3.693422e-02	8.838538e-07	-6.14400e-07	
465	3.703422e-02	-8.83903e-07	6.143999e-07	
466	3.713422e-02	8.838535e-07	-6.14400e-07	
467	3.723422e-02	-8.83903e-07	6.143997e-07	
468	3.733422e-02	8.838532e-07	-6.14400e-07	
469	3.743422e-02	-8.83903e-07	6.143994e-07	
470	3.753422e-02	8.838529e-07	-6.14399e-07	
471	3.763422e-02	-8.83902e-07	6.143992e-07	
472	3.773422e-02	8.838526e-07	-6.14399e-07	
473	3.783422e-02	-8.83902e-07	6.143989e-07	
474	3.793422e-02	8.838522e-07	-6.14399e-07	
475	3.803422e-02	-8.83902e-07	6.143987e-07	
476	3.813422e-02	8.838519e-07	-6.14399e-07	
477	3.823422e-02	-8.83901e-07	6.143984e-07	
478	3.833422e-02	8.838516e-07	-6.14398e-07	
479	3.843422e-02	-8.83901e-07	6.143981e-07	
480	3.853422e-02	8.838513e-07	-6.14398e-07	
481	3.863422e-02	-8.83901e-07	6.143979e-07	
482	3.873422e-02	8.838509e-07	-6.14398e-07	
483	3.883422e-02	-8.83900e-07	6.143976e-07	
484	3.893422e-02	8.838506e-07	-6.14397e-07	
485	3.903422e-02	-8.83900e-07	6.143974e-07	
486	3.913422e-02	8.838503e-07	-6.14397e-07	
487	3.923422e-02	-8.83900e-07	6.143971e-07	
488	3.933422e-02	8.838500e-07	-6.14397e-07	
489	3.943422e-02	-8.83899e-07	6.143968e-07	
490	3.953422e-02	8.838497e-07	-6.14397e-07	
491	3.963422e-02	-8.83899e-07	6.143966e-07	
492	3.973422e-02	8.838493e-07	-6.14396e-07	
493	3.983422e-02	-8.83899e-07	6.143963e-07	
494	3.993422e-02	8.838490e-07	-6.14396e-07	
495	4.000000e-02	-8.83898e-07	6.143960e-07	
496	4.000000e-02	1.819309e-05	-2.92822e-05	
497	4.000000e-02	7.909556e-07	-4.77176e-05	
498	4.000000e-02	-1.52583e-05	-6.47107e-05	
499	4.000000e-02	1.776253e-05	-2.04972e-05	
500	4.000000e-02	6.950112e-07	2.939220e-06	
501	4.000000e-02	-4.44701e-07	-1.87376e-06	
502	4.000000e-02	3.564384e-07	1.498716e-06	
503	4.000000e-02	-3.19183e-07	-1.34029e-06	
504	4.000000e-02	3.020288e-07	1.267397e-06	
505	4.000000e-02	-2.93808e-07	-1.23242e-06	
506	4.000000e-02	2.897719e-07	1.215293e-06	
507	4.000000e-02	-2.87784e-07	-1.20681e-06	
508	4.000000e-02	2.867855e-07	1.202597e-06	
509	4.000001e-02	-2.86297e-07	-1.20049e-06	
510	4.000002e-02	2.860436e-07	1.199444e-06	
511	4.000003e-02	-2.85926e-07	-1.19892e-06	
512	4.000007e-02	2.858584e-07	1.198657e-06	
513	4.000013e-02	-2.85834e-07	-1.19853e-06	
514	4.000026e-02	2.858122e-07	1.198460e-06	
515	4.000052e-02	-2.85811e-07	-1.19843e-06	
516	4.000105e-02	2.858006e-07	1.198411e-06	
517	4.000210e-02	-2.85805e-07	-1.19840e-06	
518	4.000419e-02	2.857977e-07	1.198398e-06	

Index   time            v1#branch       v2#branch       
--------------------------------------------------------------------------------
519	4.000839e-02	-2.85803e-07	-1.19840e-06	
520	4.001678e-02	2.857970e-07	1.198395e-06	
521	4.003355e-02	-2.85803e-07	-1.19839e-06	
522	4.006711e-02	2.857968e-07	1.198395e-06	
523	4.013422e-02	-2.85803e-07	-1.19839e-06	
524	4.023422e-02	2.857967e-07	1.198394e-06	
525	4.033422e-02	-2.85803e-07	-1.19839e-06	
526	4.043422e-02	2.857967e-07	1.198394e-06	
527	4.053422e-02	-2.85803e-07	-1.19839e-06	
528	4.063422e-02	2.857967e-07	1.198394e-06	
529	4.073422e-02	-2.85803e-07	-1.19839e-06	
530	4.083422e-02	2.857966e-07	1.198394e-06	
531	4.093422e-02	-2.85803e-07	-1.19839e-06	
532	4.103422e-02	2.857966e-07	1.198394e-06	
533	4.113422e-02	-2.85803e-07	-1.19839e-06	
534	4.123422e-02	2.857965e-07	1.198393e-06	
535	4.133422e-02	-2.85803e-07	-1.19839e-06	
536	4.143422e-02	2.857965e-07	1.198393e-06	
537	4.153422e-02	-2.85803e-07	-1.19839e-06	
538	4.163422e-02	2.857965e-07	1.198393e-06	
539	4.173422e-02	-2.85803e-07	-1.19839e-06	
540	4.183422e-02	2.857964e-07	1.198393e-06	
541	4.193422e-02	-2.85803e-07	-1.19839e-06	
542	4.203422e-02	2.857964e-07	1.198393e-06	
543	4.213422e-02	-2.85803e-07	-1.19839e-06	
544	4.223422e-02	2.857963e-07	1.198393e-06	
545	4.233422e-02	-2.85803e-07	-1.19839e-06	
546	4.243422e-02	2.857963e-07	1.198392e-06	
547	4.253422e-02	-2.85803e-07	-1.19839e-06	
548	4.263422e-02	2.857963e-07	1.198392e-06	
549	4.273422e-02	-2.85802e-07	-1.19839e-06	
550	4.283422e-02	2.857962e-07	1.198392e-06	
551	4.293422e-02	-2.85802e-07	-1.19839e-06	
552	4.303422e-02	2.857962e-07	1.198392e-06	
553	4.313422e-02	-2.85802e-07	-1.19839e-06	
554	4.323422e-02	2.857961e-07	1.198392e-06	
555	4.333422e-02	-2.85802e-07	-1.19839e-06	
556	4.343422e-02	2.857961e-07	1.198392e-06	
557	4.353422e-02	-2.85802e-07	-1.19839e-06	
558	4.363422e-02	2.857961e-07	1.198391e-06	
559	4.373422e-02	-2.85802e-07	-1.19839e-06	
560	4.383422e-02	2.857960e-07	1.198391e-06	
561	4.393422e-02	-2.85802e-07	-1.19839e-06	
562	4.403422e-02	2.857960e-07	1.198391e-06	
563	4.413422e-02	-2.85802e-07	-1.19839e-06	
564	4.423422e-02	2.857959e-07	1.198391e-06	
565	4.433422e-02	-2.85802e-07	-1.19839e-06	
566	4.443422e-02	2.857959e-07	1.198391e-06	
567	4.453422e-02	-2.85802e-07	-1.19839e-06	
568	4.463422e-02	2.857959e-07	1.198391e-06	
569	4.473422e-02	-2.85802e-07	-1.19839e-06	
570	4.483422e-02	2.857958e-07	1.198390e-06	
571	4.493422e-02	-2.85802e-07	-1.19839e-06	
572	4.503422e-02	2.857958e-07	1.198390e-06	
573	4.513422e-02	-2.85802e-07	-1.19839e-06	
574	4.523422e-02	2.857957e-07	1.198390e-06	
575	4.533422e-02	-2.85802e-07	-1.19839e-06	
576	4.543422e-02	2.857957e-07	1.198390e-06	

Index   time            v1#branch       v2#branch       
--------------------------------------------------------------------------------
577	4.553422e-02	-2.85802e-07	-1.19839e-06	
578	4.563422e-02	2.857957e-07	1.198390e-06	
579	4.573422e-02	-2.85802e-07	-1.19839e-06	
580	4.583422e-02	2.857956e-07	1.198390e-06	
581	4.593422e-02	-2.85802e-07	-1.19839e-06	
582	4.603422e-02	2.857956e-07	1.198389e-06	
583	4.613422e-02	-2.85802e-07	-1.19839e-06	
584	4.623422e-02	2.857955e-07	1.198389e-06	
585	4.633422e-02	-2.85802e-07	-1.19839e-06	
586	4.643422e-02	2.857955e-07	1.198389e-06	
587	4.653422e-02	-2.85802e-07	-1.19839e-06	
588	4.663422e-02	2.857955e-07	1.198389e-06	
589	4.673422e-02	-2.85802e-07	-1.19839e-06	
590	4.683422e-02	2.857954e-07	1.198389e-06	
591	4.693422e-02	-2.85802e-07	-1.19839e-06	
592	4.703422e-02	2.857954e-07	1.198388e-06	
593	4.713422e-02	-2.85802e-07	-1.19839e-06	
594	4.723422e-02	2.857953e-07	1.198388e-06	
595	4.733422e-02	-2.85802e-07	-1.19839e-06	
596	4.743422e-02	2.857953e-07	1.198388e-06	
597	4.753422e-02	-2.85802e-07	-1.19839e-06	
598	4.763422e-02	2.857953e-07	1.198388e-06	
599	4.773422e-02	-2.85801e-07	-1.19839e-06	
600	4.783422e-02	2.857952e-07	1.198388e-06	
601	4.793422e-02	-2.85801e-07	-1.19839e-06	
602	4.803422e-02	2.857952e-07	1.198388e-06	
603	4.813422e-02	-2.85801e-07	-1.19839e-06	
604	4.823422e-02	2.857951e-07	1.198387e-06	
605	4.833422e-02	-2.85801e-07	-1.19839e-06	
606	4.843422e-02	2.857951e-07	1.198387e-06	
607	4.853422e-02	-2.85801e-07	-1.19839e-06	
608	4.863422e-02	2.857950e-07	1.198387e-06	
609	4.873422e-02	-2.85801e-07	-1.19839e-06	
610	4.883422e-02	2.857950e-07	1.198387e-06	
611	4.893422e-02	-2.85801e-07	-1.19839e-06	
612	4.903422e-02	2.857950e-07	1.198387e-06	
613	4.913422e-02	-2.85801e-07	-1.19839e-06	
614	4.923422e-02	2.857949e-07	1.198387e-06	
615	4.933422e-02	-2.85801e-07	-1.19839e-06	
616	4.943422e-02	2.857949e-07	1.198386e-06	
617	4.953422e-02	-2.85801e-07	-1.19839e-06	
618	4.963422e-02	2.857948e-07	1.198386e-06	
619	4.973422e-02	-2.85801e-07	-1.19839e-06	
620	4.983422e-02	2.857948e-07	1.198386e-06	
621	4.993422e-02	-2.85801e-07	-1.19839e-06	
622	5.000000e-02	2.857948e-07	1.198386e-06	
623	5.000000e-02	-6.39208e-06	3.286230e-05	
624	5.000000e-02	-2.04345e-05	4.489955e-05	
625	5.000000e-02	-6.99479e-05	5.153802e-05	
626	5.000000e-02	-3.89186e-05	4.393331e-05	
627	5.000000e-02	-1.00215e-05	7.909007e-06	
628	5.000000e-02	2.800348e-06	-2.14886e-06	
629	5.000000e-02	-1.56772e-06	1.161425e-06	
630	5.000000e-02	1.179248e-06	-8.50843e-07	
631	5.000000e-02	-1.02046e-06	7.231596e-07	
632	5.000000e-02	9.511853e-07	-6.67956e-07	
633	5.000000e-02	-9.17644e-07	6.409914e-07	
634	5.000000e-02	9.015686e-07	-6.28201e-07	

Index   time            v1#branch       v2#branch       
--------------------------------------------------------------------------------
635	5.000000e-02	-8.93556e-07	6.217308e-07	
636	5.000001e-02	8.895760e-07	-6.18594e-07	
637	5.000002e-02	-8.87630e-07	6.169923e-07	
638	5.000003e-02	8.866028e-07	-6.16212e-07	
639	5.000007e-02	-8.86155e-07	6.158125e-07	
640	5.000013e-02	8.858611e-07	-6.15618e-07	
641	5.000026e-02	-8.85786e-07	6.155178e-07	
642	5.000052e-02	8.856758e-07	-6.15469e-07	
643	5.000105e-02	-8.85694e-07	6.154441e-07	
644	5.000210e-02	8.856294e-07	-6.15432e-07	
645	5.000419e-02	-8.85671e-07	6.154257e-07	
646	5.000839e-02	8.856178e-07	-6.15423e-07	
647	5.001678e-02	-8.85665e-07	6.154211e-07	
648	5.003355e-02	8.856150e-07	-6.15420e-07	
649	5.006711e-02	-8.85664e-07	6.154200e-07	
650	5.013422e-02	8.856142e-07	-6.15420e-07	
651	5.023422e-02	-8.85664e-07	6.154196e-07	
652	5.033422e-02	8.856139e-07	-6.15420e-07	
653	5.043422e-02	-8.85663e-07	6.154194e-07	
654	5.053422e-02	8.856136e-07	-6.15419e-07	
655	5.063422e-02	-8.85663e-07	6.154191e-07	
656	5.073422e-02	8.856133e-07	-6.15419e-07	
657	5.083422e-02	-8.85663e-07	6.154189e-07	
658	5.093422e-02	8.856129e-07	-6.15419e-07	
659	5.103422e-02	-8.85662e-07	6.154186e-07	
660	5.113422e-02	8.856126e-07	-6.15418e-07	
661	5.123422e-02	-8.85662e-07	6.154184e-07	
662	5.133422e-02	8.856123e-07	-6.15418e-07	
663	5.143422e-02	-8.85662e-07	6.154181e-07	
664	5.153422e-02	8.856120e-07	-6.15418e-07	
665	5.163422e-02	-8.85661e-07	6.154178e-07	
666	5.173422e-02	8.856116e-07	-6.15418e-07	
667	5.183422e-02	-8.85661e-07	6.154176e-07	
668	5.193422e-02	8.856113e-07	-6.15417e-07	
669	5.203422e-02	-8.85661e-07	6.154173e-07	
670	5.213422e-02	8.856110e-07	-6.15417e-07	
671	5.223422e-02	-8.85660e-07	6.154171e-07	
672	5.233422e-02	8.856107e-07	-6.15417e-07	
673	5.243422e-02	-8.85660e-07	6.154168e-07	
674	5.253422e-02	8.856104e-07	-6.15417e-07	
675	5.263422e-02	-8.85660e-07	6.154165e-07	
676	5.273422e-02	8.856100e-07	-6.15416e-07	
677	5.283422e-02	-8.85659e-07	6.154163e-07	
678	5.293422e-02	8.856097e-07	-6.15416e-07	
679	5.303422e-02	-8.85659e-07	6.154160e-07	
680	5.313422e-02	8.856094e-07	-6.15416e-07	
681	5.323422e-02	-8.85659e-07	6.154158e-07	
682	5.333422e-02	8.856091e-07	-6.15416e-07	
683	5.343422e-02	-8.85658e-07	6.154155e-07	
684	5.353422e-02	8.856087e-07	-6.15415e-07	
685	5.363422e-02	-8.85658e-07	6.154152e-07	
686	5.373422e-02	8.856084e-07	-6.15415e-07	
687	5.383422e-02	-8.85658e-07	6.154150e-07	
688	5.393422e-02	8.856081e-07	-6.15415e-07	
689	5.403422e-02	-8.85657e-07	6.154147e-07	
690	5.413422e-02	8.856078e-07	-6.15415e-07	
691	5.423422e-02	-8.85657e-07	6.154145e-07	
692	5.433422e-02	8.856074e-07	-6.15414e-07	

Index   time            v1#branch       v2#branch       
--------------------------------------------------------------------------------
693	5.443422e-02	-8.85657e-07	6.154142e-07	
694	5.453422e-02	8.856071e-07	-6.15414e-07	
695	5.463422e-02	-8.85656e-07	6.154140e-07	
696	5.473422e-02	8.856068e-07	-6.15414e-07	
697	5.483422e-02	-8.85656e-07	6.154137e-07	
698	5.493422e-02	8.856065e-07	-6.15414e-07	
699	5.503422e-02	-8.85656e-07	6.154134e-07	
700	5.513422e-02	8.856062e-07	-6.15413e-07	
701	5.523422e-02	-8.85656e-07	6.154132e-07	
702	5.533422e-02	8.856058e-07	-6.15413e-07	
703	5.543422e-02	-8.85655e-07	6.154129e-07	
704	5.553422e-02	8.856055e-07	-6.15413e-07	
705	5.563422e-02	-8.85655e-07	6.154127e-07	
706	5.573422e-02	8.856052e-07	-6.15413e-07	
707	5.583422e-02	-8.85655e-07	6.154124e-07	
708	5.593422e-02	8.856049e-07	-6.15412e-07	
709	5.603422e-02	-8.85654e-07	6.154121e-07	
710	5.613422e-02	8.856045e-07	-6.15412e-07	
711	5.623422e-02	-8.85654e-07	6.154119e-07	
712	5.633422e-02	8.856042e-07	-6.15412e-07	
713	5.643422e-02	-8.85654e-07	6.154116e-07	
714	5.653422e-02	8.856039e-07	-6.15412e-07	
715	5.663422e-02	-8.85653e-07	6.154114e-07	
716	5.673422e-02	8.856036e-07	-6.15411e-07	
717	5.683422e-02	-8.85653e-07	6.154111e-07	
718	5.693422e-02	8.856033e-07	-6.15411e-07	
719	5.703422e-02	-8.85653e-07	6.154109e-07	
720	5.713422e-02	8.856029e-07	-6.15411e-07	
721	5.723422e-02	-8.85652e-07	6.154106e-07	
722	5.733422e-02	8.856026e-07	-6.15410e-07	
723	5.743422e-02	-8.85652e-07	6.154103e-07	
724	5.753422e-02	8.856023e-07	-6.15410e-07	
725	5.763422e-02	-8.85652e-07	6.154101e-07	
726	5.773422e-02	8.856020e-07	-6.15410e-07	
727	5.783422e-02	-8.85651e-07	6.154098e-07	
728	5.793422e-02	8.856016e-07	-6.15410e-07	
729	5.803422e-02	-8.85651e-07	6.154096e-07	
730	5.813422e-02	8.856013e-07	-6.15409e-07	
731	5.823422e-02	-8.85651e-07	6.154093e-07	
732	5.833422e-02	8.856010e-07	-6.15409e-07	
733	5.843422e-02	-8.85650e-07	6.154090e-07	
734	5.853422e-02	8.856007e-07	-6.15409e-07	
735	5.863422e-02	-8.85650e-07	6.154088e-07	
736	5.873422e-02	8.856003e-07	-6.15409e-07	
737	5.883422e-02	-8.85650e-07	6.154085e-07	
738	5.893422e-02	8.856000e-07	-6.15408e-07	
739	5.903422e-02	-8.85649e-07	6.154083e-07	
740	5.913422e-02	8.855997e-07	-6.15408e-07	
741	5.923422e-02	-8.85649e-07	6.154080e-07	
742	5.933422e-02	8.855994e-07	-6.15408e-07	
743	5.943422e-02	-8.85649e-07	6.154078e-07	
744	5.953422e-02	8.855991e-07	-6.15408e-07	
745	5.963422e-02	-8.85648e-07	6.154075e-07	
746	5.973422e-02	8.855987e-07	-6.15407e-07	
747	5.983422e-02	-8.85648e-07	6.154072e-07	
748	5.993422e-02	8.855984e-07	-6.15407e-07	
749	6.000000e-02	-8.85648e-07	6.154069e-07	
750	6.000000e-02	1.819258e-05	-2.92818e-05	

Index   time            v1#branch       v2#branch       
--------------------------------------------------------------------------------
751	6.000000e-02	7.911038e-07	-4.77177e-05	
752	6.000000e-02	-1.52583e-05	-6.47106e-05	
753	6.000000e-02	1.776250e-05	-2.04973e-05	
754	6.000000e-02	6.950082e-07	2.939207e-06	
755	6.000000e-02	-4.44699e-07	-1.87375e-06	
756	6.000000e-02	3.564369e-07	1.498709e-06	
757	6.000000e-02	-3.19181e-07	-1.34028e-06	
758	6.000000e-02	3.020275e-07	1.267391e-06	
759	6.000000e-02	-2.93807e-07	-1.23242e-06	
760	6.000000e-02	2.897707e-07	1.215287e-06	
761	6.000000e-02	-2.87783e-07	-1.20681e-06	
762	6.000000e-02	2.867842e-07	1.202592e-06	
763	6.000001e-02	-2.86296e-07	-1.20049e-06	
764	6.000002e-02	2.860424e-07	1.199438e-06	
765	6.000003e-02	-2.85925e-07	-1.19891e-06	
766	6.000007e-02	2.858572e-07	1.198651e-06	
767	6.000013e-02	-2.85833e-07	-1.19852e-06	
768	6.000026e-02	2.858109e-07	1.198454e-06	
769	6.000052e-02	-2.85809e-07	-1.19842e-06	
770	6.000105e-02	2.857993e-07	1.198405e-06	
771	6.000210e-02	-2.85804e-07	-1.19840e-06	
772	6.000419e-02	2.857965e-07	1.198393e-06	
773	6.000839e-02	-2.85802e-07	-1.19839e-06	
774	6.001678e-02	2.857957e-07	1.198390e-06	
775	6.003355e-02	-2.85802e-07	-1.19839e-06	
776	6.006711e-02	2.857956e-07	1.198389e-06	
777	6.013422e-02	-2.85802e-07	-1.19839e-06	
778	6.023422e-02	2.857955e-07	1.198389e-06	
779	6.033422e-02	-2.85802e-07	-1.19839e-06	
780	6.043422e-02	2.857955e-07	1.198389e-06	
781	6.053422e-02	-2.85802e-07	-1.19839e-06	
782	6.063422e-02	2.857954e-07	1.198388e-06	
783	6.073422e-02	-2.85802e-07	-1.19839e-06	
784	6.083422e-02	2.857954e-07	1.198388e-06	
785	6.093422e-02	-2.85802e-07	-1.19839e-06	
786	6.103422e-02	2.857953e-07	1.198388e-06	
787	6.113422e-02	-2.85802e-07	-1.19839e-06	
788	6.123422e-02	2.857953e-07	1.198388e-06	
789	6.133422e-02	-2.85802e-07	-1.19839e-06	
790	6.143422e-02	2.857953e-07	1.198388e-06	
791	6.153422e-02	-2.85801e-07	-1.19839e-06	
792	6.163422e-02	2.857952e-07	1.198387e-06	
793	6.173422e-02	-2.85801e-07	-1.19839e-06	
794	6.183422e-02	2.857952e-07	1.198387e-06	
795	6.193422e-02	-2.85801e-07	-1.19839e-06	
796	6.203422e-02	2.857951e-07	1.198387e-06	
797	6.213422e-02	-2.85801e-07	-1.19839e-06	
798	6.223422e-02	2.857951e-07	1.198387e-06	
799	6.233422e-02	-2.85801e-07	-1.19839e-06	
800	6.243422e-02	2.857951e-07	1.198387e-06	
801	6.253422e-02	-2.85801e-07	-1.19839e-06	
802	6.263422e-02	2.857950e-07	1.198387e-06	
803	6.273422e-02	-2.85801e-07	-1.19839e-06	
804	6.283422e-02	2.857950e-07	1.198386e-06	
805	6.293422e-02	-2.85801e-07	-1.19839e-06	
806	6.303422e-02	2.857949e-07	1.198386e-06	
807	6.313422e-02	-2.85801e-07	-1.19839e-06	
808	6.323422e-02	2.857949e-07	1.198386e-06	

Index   time            v1#branch       v2#branch       
--------------------------------------------------------------------------------
809	6.333422e-02	-2.85801e-07	-1.19839e-06	
810	6.343422e-02	2.857949e-07	1.198386e-06	
811	6.353422e-02	-2.85801e-07	-1.19839e-06	
812	6.363422e-02	2.857948e-07	1.198386e-06	
813	6.373422e-02	-2.85801e-07	-1.19839e-06	
814	6.383422e-02	2.857948e-07	1.198386e-06	
815	6.393422e-02	-2.85801e-07	-1.19839e-06	
816	6.403422e-02	2.857947e-07	1.198385e-06	
817	6.413422e-02	-2.85801e-07	-1.19839e-06	
818	6.423422e-02	2.857947e-07	1.198385e-06	
819	6.433422e-02	-2.85801e-07	-1.19839e-06	
820	6.443422e-02	2.857947e-07	1.198385e-06	
821	6.453422e-02	-2.85801e-07	-1.19839e-06	
822	6.463422e-02	2.857946e-07	1.198385e-06	
823	6.473422e-02	-2.85801e-07	-1.19838e-06	
824	6.483422e-02	2.857946e-07	1.198385e-06	
825	6.493422e-02	-2.85801e-07	-1.19838e-06	
826	6.503422e-02	2.857945e-07	1.198385e-06	
827	6.513422e-02	-2.85801e-07	-1.19838e-06	
828	6.523422e-02	2.857945e-07	1.198384e-06	
829	6.533422e-02	-2.85801e-07	-1.19838e-06	
830	6.543422e-02	2.857945e-07	1.198384e-06	
831	6.553422e-02	-2.85801e-07	-1.19838e-06	
832	6.563422e-02	2.857944e-07	1.198384e-06	
833	6.573422e-02	-2.85801e-07	-1.19838e-06	
834	6.583422e-02	2.857944e-07	1.198384e-06	
835	6.593422e-02	-2.85801e-07	-1.19838e-06	
836	6.603422e-02	2.857943e-07	1.198384e-06	
837	6.613422e-02	-2.85801e-07	-1.19838e-06	
838	6.623422e-02	2.857943e-07	1.198384e-06	
839	6.633422e-02	-2.85801e-07	-1.19838e-06	
840	6.643422e-02	2.857943e-07	1.198383e-06	
841	6.653422e-02	-2.85800e-07	-1.19838e-06	
842	6.663422e-02	2.857942e-07	1.198383e-06	
843	6.673422e-02	-2.85800e-07	-1.19838e-06	
844	6.683422e-02	2.857942e-07	1.198383e-06	
845	6.693422e-02	-2.85800e-07	-1.19838e-06	
846	6.703422e-02	2.857941e-07	1.198383e-06	
847	6.713422e-02	-2.85800e-07	-1.19838e-06	
848	6.723422e-02	2.857941e-07	1.198383e-06	
849	6.733422e-02	-2.85800e-07	-1.19838e-06	
850	6.743422e-02	2.857940e-07	1.198383e-06	
851	6.753422e-02	-2.85800e-07	-1.19838e-06	
852	6.763422e-02	2.857940e-07	1.198382e-06	
853	6.773422e-02	-2.85800e-07	-1.19838e-06	
854	6.783422e-02	2.857940e-07	1.198382e-06	
855	6.793422e-02	-2.85800e-07	-1.19838e-06	
856	6.803422e-02	2.857939e-07	1.198382e-06	
857	6.813422e-02	-2.85800e-07	-1.19838e-06	
858	6.823422e-02	2.857939e-07	1.198382e-06	
859	6.833422e-02	-2.85800e-07	-1.19838e-06	
860	6.843422e-02	2.857938e-07	1.198382e-06	
861	6.853422e-02	-2.85800e-07	-1.19838e-06	
862	6.863422e-02	2.857938e-07	1.198381e-06	
863	6.873422e-02	-2.85800e-07	-1.19838e-06	
864	6.883422e-02	2.857938e-07	1.198381e-06	
865	6.893422e-02	-2.85800e-07	-1.19838e-06	
866	6.903422e-02	2.857937e-07	1.198381e-06	

Index   time            v1#branch       v2#branch       
--------------------------------------------------------------------------------
867	6.913422e-02	-2.85800e-07	-1.19838e-06	
868	6.923422e-02	2.857937e-07	1.198381e-06	
869	6.933422e-02	-2.85800e-07	-1.19838e-06	
870	6.943422e-02	2.857936e-07	1.198381e-06	
871	6.953422e-02	-2.85800e-07	-1.19838e-06	
872	6.963422e-02	2.857936e-07	1.198381e-06	
873	6.973422e-02	-2.85800e-07	-1.19838e-06	
874	6.983422e-02	2.857936e-07	1.198380e-06	
875	6.993422e-02	-2.85800e-07	-1.19838e-06	
876	7.000000e-02	2.857935e-07	1.198380e-06	
877	7.000000e-02	-6.39208e-06	3.286230e-05	
878	7.000000e-02	-2.04345e-05	4.489955e-05	
879	7.000000e-02	-6.99479e-05	5.153804e-05	
880	7.000000e-02	-3.89186e-05	4.393329e-05	
881	7.000000e-02	-1.00215e-05	7.909001e-06	
882	7.000000e-02	2.800346e-06	-2.14886e-06	
883	7.000000e-02	-1.56772e-06	1.161425e-06	
884	7.000000e-02	1.179247e-06	-8.50843e-07	
885	7.000000e-02	-1.02045e-06	7.231591e-07	
886	7.000000e-02	9.511846e-07	-6.67956e-07	
887	7.000000e-02	-9.17644e-07	6.409910e-07	
888	7.000000e-02	9.015679e-07	-6.28201e-07	
889	7.000000e-02	-8.93555e-07	6.217304e-07	
890	7.000001e-02	8.895753e-07	-6.18593e-07	
891	7.000002e-02	-8.87630e-07	6.169919e-07	
892	7.000003e-02	8.866022e-07	-6.16211e-07	
893	7.000007e-02	-8.86154e-07	6.158121e-07	
894	7.000013e-02	8.858604e-07	-6.15617e-07	
895	7.000026e-02	-8.85786e-07	6.155174e-07	
896	7.000052e-02	8.856751e-07	-6.15469e-07	
897	7.000105e-02	-8.85694e-07	6.154437e-07	
898	7.000210e-02	8.856288e-07	-6.15432e-07	
899	7.000419e-02	-8.85671e-07	6.154253e-07	
900	7.000839e-02	8.856172e-07	-6.15422e-07	
901	7.001678e-02	-8.85665e-07	6.154207e-07	
902	7.003355e-02	8.856143e-07	-6.15420e-07	
903	7.006711e-02	-8.85663e-07	6.154196e-07	
904	7.013422e-02	8.856136e-07	-6.15419e-07	
905	7.023422e-02	-8.85663e-07	6.154192e-07	
906	7.033422e-02	8.856133e-07	-6.15419e-07	
907	7.043422e-02	-8.85663e-07	6.154190e-07	
908	7.053422e-02	8.856129e-07	-6.15419e-07	
909	7.063422e-02	-8.85662e-07	6.154187e-07	
910	7.073422e-02	8.856126e-07	-6.15419e-07	
911	7.083422e-02	-8.85662e-07	6.154185e-07	
912	7.093422e-02	8.856123e-07	-6.15418e-07	
913	7.103422e-02	-8.85662e-07	6.154182e-07	
914	7.113422e-02	8.856120e-07	-6.15418e-07	
915	7.123422e-02	-8.85661e-07	6.154180e-07	
916	7.133422e-02	8.856116e-07	-6.15418e-07	
917	7.143422e-02	-8.85661e-07	6.154177e-07	
918	7.153422e-02	8.856113e-07	-6.15418e-07	
919	7.163422e-02	-8.85661e-07	6.154174e-07	
920	7.173422e-02	8.856110e-07	-6.15417e-07	
921	7.183422e-02	-8.85660e-07	6.154172e-07	
922	7.193422e-02	8.856107e-07	-6.15417e-07	
923	7.203422e-02	-8.85660e-07	6.154169e-07	
924	7.213422e-02	8.856104e-07	-6.15417e-07	

Index   time            v1#branch       v2#branch       
--------------------------------------------------------------------------------
925	7.223422e-02	-8.85660e-07	6.154167e-07	
926	7.233422e-02	8.856100e-07	-6.15417e-07	
927	7.243422e-02	-8.85659e-07	6.154164e-07	
928	7.253422e-02	8.856097e-07	-6.15416e-07	
929	7.263422e-02	-8.85659e-07	6.154161e-07	
930	7.273422e-02	8.856094e-07	-6.15416e-07	
931	7.283422e-02	-8.85659e-07	6.154159e-07	
932	7.293422e-02	8.856091e-07	-6.15416e-07	
933	7.303422e-02	-8.85658e-07	6.154156e-07	
934	7.313422e-02	8.856087e-07	-6.15415e-07	
935	7.323422e-02	-8.85658e-07	6.154154e-07	
936	7.333422e-02	8.856084e-07	-6.15415e-07	
937	7.343422e-02	-8.85658e-07	6.154151e-07	
938	7.353422e-02	8.856081e-07	-6.15415e-07	
939	7.363422e-02	-8.85657e-07	6.154149e-07	
940	7.373422e-02	8.856078e-07	-6.15415e-07	
941	7.383422e-02	-8.85657e-07	6.154146e-07	
942	7.393422e-02	8.856074e-07	-6.15414e-07	
943	7.403422e-02	-8.85657e-07	6.154143e-07	
944	7.413422e-02	8.856071e-07	-6.15414e-07	
945	7.423422e-02	-8.85656e-07	6.154141e-07	
946	7.433422e-02	8.856068e-07	-6.15414e-07	
947	7.443422e-02	-8.85656e-07	6.154138e-07	
948	7.453422e-02	8.856065e-07	-6.15414e-07	
949	7.463422e-02	-8.85656e-07	6.154136e-07	
950	7.473422e-02	8.856062e-07	-6.15413e-07	
951	7.483422e-02	-8.85656e-07	6.154133e-07	
952	7.493422e-02	8.856058e-07	-6.15413e-07	
953	7.503422e-02	-8.85655e-07	6.154130e-07	
954	7.513422e-02	8.856055e-07	-6.15413e-07	
955	7.523422e-02	-8.85655e-07	6.154128e-07	
956	7.533422e-02	8.856052e-07	-6.15413e-07	
957	7.543422e-02	-8.85655e-07	6.154125e-07	
958	7.553422e-02	8.856049e-07	-6.15412e-07	
959	7.563422e-02	-8.85654e-07	6.154123e-07	
960	7.573422e-02	8.856045e-07	-6.15412e-07	
961	7.583422e-02	-8.85654e-07	6.154120e-07	
962	7.593422e-02	8.856042e-07	-6.15412e-07	
963	7.603422e-02	-8.85654e-07	6.154117e-07	
964	7.613422e-02	8.856039e-07	-6.15412e-07	
965	7.623422e-02	-8.85653e-07	6.154115e-07	
966	7.633422e-02	8.856036e-07	-6.15411e-07	
967	7.643422e-02	-8.85653e-07	6.154112e-07	
968	7.653422e-02	8.856033e-07	-6.15411e-07	
969	7.663422e-02	-8.85653e-07	6.154110e-07	
970	7.673422e-02	8.856029e-07	-6.15411e-07	
971	7.683422e-02	-8.85652e-07	6.154107e-07	
972	7.693422e-02	8.856026e-07	-6.15411e-07	
973	7.703422e-02	-8.85652e-07	6.154105e-07	
974	7.713422e-02	8.856023e-07	-6.15410e-07	
975	7.723422e-02	-8.85652e-07	6.154102e-07	
976	7.733422e-02	8.856020e-07	-6.15410e-07	
977	7.743422e-02	-8.85651e-07	6.154099e-07	
978	7.753422e-02	8.856016e-07	-6.15410e-07	
979	7.763422e-02	-8.85651e-07	6.154097e-07	
980	7.773422e-02	8.856013e-07	-6.15410e-07	
981	7.783422e-02	-8.85651e-07	6.154094e-07	
982	7.793422e-02	8.856010e-07	-6.15409e-07	

Index   time            v1#branch       v2#branch       
--------------------------------------------------------------------------------
983	7.803422e-02	-8.85650e-07	6.154092e-07	
984	7.813422e-02	8.856007e-07	-6.15409e-07	
985	7.823422e-02	-8.85650e-07	6.154089e-07	
986	7.833422e-02	8.856003e-07	-6.15409e-07	
987	7.843422e-02	-8.85650e-07	6.154086e-07	
988	7.853422e-02	8.856000e-07	-6.15409e-07	
989	7.863422e-02	-8.85649e-07	6.154084e-07	
990	7.873422e-02	8.855997e-07	-6.15408e-07	
991	7.883422e-02	-8.85649e-07	6.154081e-07	
992	7.893422e-02	8.855994e-07	-6.15408e-07	
993	7.903422e-02	-8.85649e-07	6.154079e-07	
994	7.913422e-02	8.855991e-07	-6.15408e-07	
995	7.923422e-02	-8.85648e-07	6.154076e-07	
996	7.933422e-02	8.855987e-07	-6.15407e-07	
997	7.943422e-02	-8.85648e-07	6.154074e-07	
998	7.953422e-02	8.855984e-07	-6.15407e-07	
999	7.963422e-02	-8.85648e-07	6.154071e-07	
1000	7.973422e-02	8.855981e-07	-6.15407e-07	
1001	7.983422e-02	-8.85647e-07	6.154068e-07	
1002	7.993422e-02	8.855978e-07	-6.15407e-07	
1003	8.000000e-02	-8.85647e-07	6.154065e-07	
1004	8.000000e-02	1.819258e-05	-2.92818e-05	
1005	8.000000e-02	7.911168e-07	-4.77177e-05	
1006	8.000000e-02	-1.52583e-05	-6.47106e-05	
1007	8.000000e-02	1.776250e-05	-2.04973e-05	
1008	8.000000e-02	6.950129e-07	2.939185e-06	
1009	8.000000e-02	-4.44704e-07	-1.87373e-06	
1010	8.000000e-02	3.564421e-07	1.498690e-06	
1011	8.000000e-02	-3.19187e-07	-1.34026e-06	
1012	8.000000e-02	3.020328e-07	1.267372e-06	
1013	8.000000e-02	-2.93812e-07	-1.23240e-06	
1014	8.000000e-02	2.897760e-07	1.215268e-06	
1015	8.000000e-02	-2.87788e-07	-1.20679e-06	
1016	8.000000e-02	2.867896e-07	1.202572e-06	
1017	8.000001e-02	-2.86301e-07	-1.20047e-06	
1018	8.000002e-02	2.860477e-07	1.199419e-06	
1019	8.000003e-02	-2.85930e-07	-1.19889e-06	
1020	8.000007e-02	2.858625e-07	1.198632e-06	
1021	8.000013e-02	-2.85838e-07	-1.19850e-06	
1022	8.000026e-02	2.858163e-07	1.198435e-06	
1023	8.000052e-02	-2.85815e-07	-1.19840e-06	
1024	8.000105e-02	2.858047e-07	1.198386e-06	
1025	8.000210e-02	-2.85809e-07	-1.19838e-06	
1026	8.000419e-02	2.858018e-07	1.198374e-06	
1027	8.000839e-02	-2.85808e-07	-1.19837e-06	
1028	8.001678e-02	2.858011e-07	1.198371e-06	
1029	8.003355e-02	-2.85807e-07	-1.19837e-06	
1030	8.006711e-02	2.858009e-07	1.198370e-06	
1031	8.013422e-02	-2.85807e-07	-1.19837e-06	
1032	8.023422e-02	2.858009e-07	1.198370e-06	
1033	8.033422e-02	-2.85807e-07	-1.19837e-06	
1034	8.043422e-02	2.858008e-07	1.198369e-06	
1035	8.053422e-02	-2.85807e-07	-1.19837e-06	
1036	8.063422e-02	2.858008e-07	1.198369e-06	
1037	8.073422e-02	-2.85807e-07	-1.19837e-06	
1038	8.083422e-02	2.858007e-07	1.198369e-06	
1039	8.093422e-02	-2.85807e-07	-1.19837e-06	
1040	8.103422e-02	2.858007e-07	1.198369e-06	

Index   time            v1#branch       v2#branch       
--------------------------------------------------------------------------------
1041	8.113422e-02	-2.85807e-07	-1.19837e-06	
1042	8.123422e-02	2.858007e-07	1.198369e-06	
1043	8.133422e-02	-2.85807e-07	-1.19837e-06	
1044	8.143422e-02	2.858006e-07	1.198369e-06	
1045	8.153422e-02	-2.85807e-07	-1.19837e-06	
1046	8.163422e-02	2.858006e-07	1.198368e-06	
1047	8.173422e-02	-2.85807e-07	-1.19837e-06	
1048	8.183422e-02	2.858005e-07	1.198368e-06	
1049	8.193422e-02	-2.85807e-07	-1.19837e-06	
1050	8.203422e-02	2.858005e-07	1.198368e-06	
1051	8.213422e-02	-2.85807e-07	-1.19837e-06	
1052	8.223422e-02	2.858005e-07	1.198368e-06	
1053	8.233422e-02	-2.85807e-07	-1.19837e-06	
1054	8.243422e-02	2.858004e-07	1.198368e-06	
1055	8.253422e-02	-2.85807e-07	-1.19837e-06	
1056	8.263422e-02	2.858004e-07	1.198367e-06	
1057	8.273422e-02	-2.85807e-07	-1.19837e-06	
1058	8.283422e-02	2.858003e-07	1.198367e-06	
1059	8.293422e-02	-2.85807e-07	-1.19837e-06	
1060	8.303422e-02	2.858003e-07	1.198367e-06	
1061	8.313422e-02	-2.85807e-07	-1.19837e-06	
1062	8.323422e-02	2.858003e-07	1.198367e-06	
1063	8.333422e-02	-2.85806e-07	-1.19837e-06	
1064	8.343422e-02	2.858002e-07	1.198367e-06	
1065	8.353422e-02	-2.85806e-07	-1.19837e-06	
1066	8.363422e-02	2.858002e-07	1.198367e-06	
1067	8.373422e-02	-2.85806e-07	-1.19837e-06	
1068	8.383422e-02	2.858001e-07	1.198366e-06	
1069	8.393422e-02	-2.85806e-07	-1.19837e-06	
1070	8.403422e-02	2.858001e-07	1.198366e-06	
1071	8.413422e-02	-2.85806e-07	-1.19837e-06	
1072	8.423422e-02	2.858001e-07	1.198366e-06	
1073	8.433422e-02	-2.85806e-07	-1.19837e-06	
1074	8.443422e-02	2.858000e-07	1.198366e-06	
1075	8.453422e-02	-2.85806e-07	-1.19837e-06	
1076	8.463422e-02	2.858000e-07	1.198366e-06	
1077	8.473422e-02	-2.85806e-07	-1.19837e-06	
1078	8.483422e-02	2.857999e-07	1.198366e-06	
1079	8.493422e-02	-2.85806e-07	-1.19837e-06	
1080	8.503422e-02	2.857999e-07	1.198365e-06	
1081	8.513422e-02	-2.85806e-07	-1.19837e-06	
1082	8.523422e-02	2.857999e-07	1.198365e-06	
1083	8.533422e-02	-2.85806e-07	-1.19837e-06	
1084	8.543422e-02	2.857998e-07	1.198365e-06	
1085	8.553422e-02	-2.85806e-07	-1.19836e-06	
1086	8.563422e-02	2.857998e-07	1.198365e-06	
1087	8.573422e-02	-2.85806e-07	-1.19836e-06	
1088	8.583422e-02	2.857997e-07	1.198365e-06	
1089	8.593422e-02	-2.85806e-07	-1.19836e-06	
1090	8.603422e-02	2.857997e-07	1.198365e-06	
1091	8.613422e-02	-2.85806e-07	-1.19836e-06	
1092	8.623422e-02	2.857997e-07	1.198364e-06	
1093	8.633422e-02	-2.85806e-07	-1.19836e-06	
1094	8.643422e-02	2.857996e-07	1.198364e-06	
1095	8.653422e-02	-2.85806e-07	-1.19836e-06	
1096	8.663422e-02	2.857996e-07	1.198364e-06	
1097	8.673422e-02	-2.85806e-07	-1.19836e-06	
1098	8.683422e-02	2.857995e-07	1.198364e-06	

Index   time            v1#branch       v2#branch       
--------------------------------------------------------------------------------
1099	8.693422e-02	-2.85806e-07	-1.19836e-06	
1100	8.703422e-02	2.857995e-07	1.198364e-06	
1101	8.713422e-02	-2.85806e-07	-1.19836e-06	
1102	8.723422e-02	2.857994e-07	1.198364e-06	
1103	8.733422e-02	-2.85806e-07	-1.19836e-06	
1104	8.743422e-02	2.857994e-07	1.198363e-06	
1105	8.753422e-02	-2.85806e-07	-1.19836e-06	
1106	8.763422e-02	2.857994e-07	1.198363e-06	
1107	8.773422e-02	-2.85806e-07	-1.19836e-06	
1108	8.783422e-02	2.857993e-07	1.198363e-06	
1109	8.793422e-02	-2.85806e-07	-1.19836e-06	
1110	8.803422e-02	2.857993e-07	1.198363e-06	
1111	8.813422e-02	-2.85806e-07	-1.19836e-06	
1112	8.823422e-02	2.857992e-07	1.198363e-06	
1113	8.833422e-02	-2.85805e-07	-1.19836e-06	
1114	8.843422e-02	2.857992e-07	1.198362e-06	
1115	8.853422e-02	-2.85805e-07	-1.19836e-06	
1116	8.863422e-02	2.857992e-07	1.198362e-06	
1117	8.873422e-02	-2.85805e-07	-1.19836e-06	
1118	8.883422e-02	2.857991e-07	1.198362e-06	
1119	8.893422e-02	-2.85805e-07	-1.19836e-06	
1120	8.903422e-02	2.857991e-07	1.198362e-06	
1121	8.913422e-02	-2.85805e-07	-1.19836e-06	
1122	8.923422e-02	2.857990e-07	1.198362e-06	
1123	8.933422e-02	-2.85805e-07	-1.19836e-06	
1124	8.943422e-02	2.857990e-07	1.198362e-06	
1125	8.953422e-02	-2.85805e-07	-1.19836e-06	
1126	8.963422e-02	2.857990e-07	1.198361e-06	
1127	8.973422e-02	-2.85805e-07	-1.19836e-06	
1128	8.983422e-02	2.857989e-07	1.198361e-06	
1129	8.993422e-02	-2.85805e-07	-1.19836e-06	
1130	9.000000e-02	2.857989e-07	1.198361e-06	
1131	9.000000e-02	-6.39208e-06	3.286230e-05	
1132	9.000000e-02	-2.04345e-05	4.489955e-05	
1133	9.000000e-02	-6.99479e-05	5.153804e-05	
1134	9.000000e-02	-3.89186e-05	4.393329e-05	
1135	9.000000e-02	-1.00215e-05	7.909001e-06	
1136	9.000000e-02	2.800346e-06	-2.14886e-06	
1137	9.000000e-02	-1.56772e-06	1.161425e-06	
1138	9.000000e-02	1.179247e-06	-8.50843e-07	
1139	9.000000e-02	-1.02045e-06	7.231591e-07	
1140	9.000000e-02	9.511846e-07	-6.67956e-07	
1141	9.000000e-02	-9.17644e-07	6.409910e-07	
1142	9.000000e-02	9.015679e-07	-6.28201e-07	
1143	9.000000e-02	-8.93555e-07	6.217304e-07	
1144	9.000001e-02	8.895753e-07	-6.18593e-07	
1145	9.000002e-02	-8.87630e-07	6.169919e-07	
1146	9.000003e-02	8.866022e-07	-6.16211e-07	
1147	9.000007e-02	-8.86154e-07	6.158121e-07	
1148	9.000013e-02	8.858604e-07	-6.15617e-07	
1149	9.000026e-02	-8.85786e-07	6.155174e-07	
1150	9.000052e-02	8.856751e-07	-6.15469e-07	
1151	9.000105e-02	-8.85694e-07	6.154437e-07	
1152	9.000210e-02	8.856288e-07	-6.15432e-07	
1153	9.000419e-02	-8.85671e-07	6.154253e-07	
1154	9.000839e-02	8.856172e-07	-6.15422e-07	
1155	9.001678e-02	-8.85665e-07	6.154207e-07	
1156	9.003355e-02	8.856143e-07	-6.15420e-07	

Index   time            v1#branch       v2#branch       
--------------------------------------------------------------------------------
1157	9.006711e-02	-8.85663e-07	6.154196e-07	
1158	9.013422e-02	8.856136e-07	-6.15419e-07	
1159	9.023422e-02	-8.85663e-07	6.154192e-07	
1160	9.033422e-02	8.856133e-07	-6.15419e-07	
1161	9.043422e-02	-8.85663e-07	6.154190e-07	
1162	9.053422e-02	8.856129e-07	-6.15419e-07	
1163	9.063422e-02	-8.85662e-07	6.154187e-07	
1164	9.073422e-02	8.856126e-07	-6.15419e-07	
1165	9.083422e-02	-8.85662e-07	6.154185e-07	
1166	9.093422e-02	8.856123e-07	-6.15418e-07	
1167	9.103422e-02	-8.85662e-07	6.154182e-07	
1168	9.113422e-02	8.856120e-07	-6.15418e-07	
1169	9.123422e-02	-8.85661e-07	6.154180e-07	
1170	9.133422e-02	8.856116e-07	-6.15418e-07	
1171	9.143422e-02	-8.85661e-07	6.154177e-07	
1172	9.153422e-02	8.856113e-07	-6.15418e-07	
1173	9.163422e-02	-8.85661e-07	6.154174e-07	
1174	9.173422e-02	8.856110e-07	-6.15417e-07	
1175	9.183422e-02	-8.85660e-07	6.154172e-07	
1176	9.193422e-02	8.856107e-07	-6.15417e-07	
1177	9.203422e-02	-8.85660e-07	6.154169e-07	
1178	9.213422e-02	8.856104e-07	-6.15417e-07	
1179	9.223422e-02	-8.85660e-07	6.154167e-07	
1180	9.233422e-02	8.856100e-07	-6.15417e-07	
1181	9.243422e-02	-8.85659e-07	6.154164e-07	
1182	9.253422e-02	8.856097e-07	-6.15416e-07	
1183	9.263422e-02	-8.85659e-07	6.154161e-07	
1184	9.273422e-02	8.856094e-07	-6.15416e-07	
1185	9.283422e-02	-8.85659e-07	6.154159e-07	
1186	9.293422e-02	8.856091e-07	-6.15416e-07	
1187	9.303422e-02	-8.85658e-07	6.154156e-07	
1188	9.313422e-02	8.856087e-07	-6.15415e-07	
1189	9.323422e-02	-8.85658e-07	6.154154e-07	
1190	9.333422e-02	8.856084e-07	-6.15415e-07	
1191	9.343422e-02	-8.85658e-07	6.154151e-07	
1192	9.353422e-02	8.856081e-07	-6.15415e-07	
1193	9.363422e-02	-8.85657e-07	6.154148e-07	
1194	9.373422e-02	8.856078e-07	-6.15415e-07	
1195	9.383422e-02	-8.85657e-07	6.154146e-07	
1196	9.393422e-02	8.856074e-07	-6.15414e-07	
1197	9.403422e-02	-8.85657e-07	6.154143e-07	
1198	9.413422e-02	8.856071e-07	-6.15414e-07	
1199	9.423422e-02	-8.85656e-07	6.154141e-07	
1200	9.433422e-02	8.856068e-07	-6.15414e-07	
1201	9.443422e-02	-8.85656e-07	6.154138e-07	
1202	9.453422e-02	8.856065e-07	-6.15414e-07	
1203	9.463422e-02	-8.85656e-07	6.154136e-07	
1204	9.473422e-02	8.856062e-07	-6.15413e-07	
1205	9.483422e-02	-8.85656e-07	6.154133e-07	
1206	9.493422e-02	8.856058e-07	-6.15413e-07	
1207	9.503422e-02	-8.85655e-07	6.154130e-07	
1208	9.513422e-02	8.856055e-07	-6.15413e-07	
1209	9.523422e-02	-8.85655e-07	6.154128e-07	
1210	9.533422e-02	8.856052e-07	-6.15413e-07	
1211	9.543422e-02	-8.85655e-07	6.154125e-07	
1212	9.553422e-02	8.856049e-07	-6.15412e-07	
1213	9.563422e-02	-8.85654e-07	6.154123e-07	
1214	9.573422e-02	8.856045e-07	-6.15412e-07	

Index   time            v1#branch       v2#branch       
--------------------------------------------------------------------------------
1215	9.583422e-02	-8.85654e-07	6.154120e-07	
1216	9.593422e-02	8.856042e-07	-6.15412e-07	
1217	9.603422e-02	-8.85654e-07	6.154117e-07	
1218	9.613422e-02	8.856039e-07	-6.15412e-07	
1219	9.623422e-02	-8.85653e-07	6.154115e-07	
1220	9.633422e-02	8.856036e-07	-6.15411e-07	
1221	9.643422e-02	-8.85653e-07	6.154112e-07	
1222	9.653422e-02	8.856033e-07	-6.15411e-07	
1223	9.663422e-02	-8.85653e-07	6.154110e-07	
1224	9.673422e-02	8.856029e-07	-6.15411e-07	
1225	9.683422e-02	-8.85652e-07	6.154107e-07	
1226	9.693422e-02	8.856026e-07	-6.15411e-07	
1227	9.703422e-02	-8.85652e-07	6.154105e-07	
1228	9.713422e-02	8.856023e-07	-6.15410e-07	
1229	9.723422e-02	-8.85652e-07	6.154102e-07	
1230	9.733422e-02	8.856020e-07	-6.15410e-07	
1231	9.743422e-02	-8.85651e-07	6.154099e-07	
1232	9.753422e-02	8.856016e-07	-6.15410e-07	
1233	9.763422e-02	-8.85651e-07	6.154097e-07	
1234	9.773422e-02	8.856013e-07	-6.15410e-07	
1235	9.783422e-02	-8.85651e-07	6.154094e-07	
1236	9.793422e-02	8.856010e-07	-6.15409e-07	
1237	9.803422e-02	-8.85650e-07	6.154092e-07	
1238	9.813422e-02	8.856007e-07	-6.15409e-07	
1239	9.823422e-02	-8.85650e-07	6.154089e-07	
1240	9.833422e-02	8.856003e-07	-6.15409e-07	
1241	9.843422e-02	-8.85650e-07	6.154086e-07	
1242	9.853422e-02	8.856000e-07	-6.15409e-07	
1243	9.863422e-02	-8.85649e-07	6.154084e-07	
1244	9.873422e-02	8.855997e-07	-6.15408e-07	
1245	9.883422e-02	-8.85649e-07	6.154081e-07	
1246	9.893422e-02	8.855994e-07	-6.15408e-07	
1247	9.903422e-02	-8.85649e-07	6.154079e-07	
1248	9.913422e-02	8.855991e-07	-6.15408e-07	
1249	9.923422e-02	-8.85648e-07	6.154076e-07	
1250	9.933422e-02	8.855987e-07	-6.15407e-07	
1251	9.943422e-02	-8.85648e-07	6.154074e-07	
1252	9.953422e-02	8.855984e-07	-6.15407e-07	
1253	9.963422e-02	-8.85648e-07	6.154071e-07	
1254	9.973422e-02	8.855981e-07	-6.15407e-07	
1255	9.983422e-02	-8.85647e-07	6.154068e-07	
1256	9.993422e-02	8.855978e-07	-6.15407e-07	
1257	1.000000e-01	-8.85647e-07	6.154065e-07	
